

#   DHWcolors <- c("#d2f8f9", "#433374", "#615192", "#7f6faf", "#9d8dcd", "#ffff54",
# "#f9dd4a", "#f4bc41", "#f19b38", "#ea3323", "#c0281b", "#921c12",
# "#641009", "#d88252", "#a85f34", "#754025", "#502f19", "#dc2fe8",
# "#b726c1", "#921c9b", "#6e1274", "#2d0330")


DHWcolors <- c("0"="#433374", "1"="#615192", "2"="#7f6faf", "3"="#9d8dcd", "4"="#ffff54",
               "5"="#f9dd4a", "6"="#f4bc41", "7"="#f19b38", "8"="#ea3323", "9"="#c0281b",
               "10"="#921c12", "11"="#641009", "12"="#d88252", "13"="#a85f34", "14"="#754025",
               "15"="#502f19", "16"="#dc2fe8", "17"="#b726c1", "18"="#921c9b", "19"="#6e1274",
               "20"="#2d0330")

